8960 2787 1585 1208 4120 8374 3776 1700 9890 6205
8570 3383 770 9143 8724 8920 1007 3788 24 8168
3808 1157 5949 4218 3426 2891 7244 6422 2685 1099
5447 1646 3886 7033 2854 8007 5407 6631 9707 5298
2837 8278 8681 3607 7422 7406 2527 8429 1194 2551
6597 5003 3709 2547 9221 7135 5438 6465 3558 8124
7564 9005 9770 1451 6038 2625 9458 1445 9256 9166
6743 2093 7445 5425 5701 4867 2831 8229 3296 4026
781 9893 9029 4490 2440 8250 1626 7879 4715 5184
6003 2280 4189 5774 3731 228 8399 3190 1674 7656
2356 8418 9749 9801 3843 5451 4669 6675 3680 7965
701 4462 7859 9730 8952 300 7981 578 8180 2696
5762 4184 4976 9952 9958 8707 181 8358 1898 1856
6014 4254 274 5764 4056 4118 1215 8726 794 4896
6691 1496 9358 4551 1226 8310 4851 9207 8889 3032
1904 4652 7216 6881 4605 7175 5589 4786 5533 7487
6642 1547 1742 6917 7312 5798 1036 8527 4525 1831
3424 1216 3327 2782 5768 4554 1093 620 3762 9982
3652 5666 4635 868 2548 9240 8043 8137 4026 3576
5624 669 5124 7367 7587 2436 3166 8624 964 7691
455 4388 8907 3783 7171 4676 8337 8264 5296 2099
8246 8948 7766 2882 9817 314 2122 7860 8452 6148
1437 4077 6818 6562 1444 4406 8999 4610 3030 9963
2301 3486 4352 1209 7269 1523 5885 5607 9787 1181
7706 8034 130 5473 916 9947 5787 3038 7807 4239
9187 9245 8316 6006 5807 9761 412 4806 4371 3443
4770 6672 6929 9122 7881 4199 645 3767 9806 433
4949 7513 8468 5079 2986 9384 5027 8774 2423 2835
3014 1610 2080 1331 7617 7888 1092 8029 2694 5463
1472 7465 2136 8402 6587 18 2601 7233 3786 2408
7667 8735 9922 6135 3815 2908 5519 8842 1683 7943
1677 4698 9553 3758 6029 7171 1646 7122 5200 4341
2586 6673 1806 4722 5075 8394 4741 7677 5628 8527
86 3295 7263 8 9430 1078 2917 4950 9920 4600
2893 1598 9298 2447 5357 5328 9618 7003 2450 4819
1345 5036 1492 3151 9759 6567 1546 4500 4245 7174
3028 4331 469 291 4339 9900 1369 7256 4850 1290
1857 7744 2889 1155 191 8246 6483 9810 5250 8934
4629 6595 3970 6121 9747 3729 2689 1293 8230 6934
8467 1258 1266 8937 1549 5605 8837 2919 2862 3688
4210 4720 1432 7099 5875 1623 5346 2359 1433 596
1293 6063 7191 5264 2184 6938 8994 4874 8231 7224
1808 6699 8483 3075 5636 33 8681 4473 2952 1544
8161 7163 6264 9593 4262 2139 1217 9608 4499 2651
204 5793 8714 7396 1058 898 4334 52 5773 2566
7277 7582 9265 5760 657 4901 5793 9338 9375 8746
882 7536 5909 7146 7130 172 9286 8348 9780 3786
999 9985 9580 9713 7381 638 612 1716 691 6385
4282 7968 3967 3547 3728 4625 8449 9522 3963 7824
8268 4846 5361 4178 1993 2491 4350 1280 839 4131
5066 1839 4117 4647 1553 1499 5285 2165 3215 5976
8551 7498 3945 2519 1045 7673 7144 9495 7196 1108
7319 5465 5954 2680 9643 7948 5172 3994 9228 6012
8125 4295 7851 2242 8942 9405 3742 4228 1570 6957
205 122 4456 4150 2641 5502 1824 9785 4997 9020
894 2316 4485 6849 4997 4129 4797 170 8123 4026
6182 6249 8321 4034 8492 7264 3439 2234 1492 5010
9192 1697 5132 3648 5847 7774 9150 7671 7560 4147
6692 8454 6464 1177 5303 1461 5307 100 1632 3430
4126 7814 9679 2448 1849 8171 9712 5288 406 1204
299 9598 2902 5431 3246 8750 3206 2397 6422 766
6544 3114 9220 3009 4292 4523 4471 9599 4624 6103
3030 8751 3917 2709 1199 5767 881 911 1056 1287
2116 1355 886 5019 6787 4132 3769 9993 6530 191
759 3074 3306 9980 6083 7598 4504 555 7197 9128
6658 227 7879 576 2937 9079 6343 3819 9990 7399
5107 2107 8755 5993 7127 5542 126 896 5536 6656
1088 6296 9731 4394 6276 5815 1992 781 6370 9190
9909 3028 9418 7789 3604 2355 6868 9948 6174 6859
7348 1281 8967 6103 7275 6094 1646 7401 6991 7183
4057 8079 3479 3788 2473 9756 9604 4466 537 5974
3657 447 9002 3075 8236 2607 5431 5105 2555 1605
1964 9903 2887 931 6007 162 7026 7654 7564 4017
4837 1622 2096 8316 5411 4570 8073 5015 9037 8610
989 2694 9057 9991 5769 7294 2599 1201 2399 5154
2806 4364 5058 5694 5296 1066 5857 2322 8720 3421
6339 3557 5044 8436 1874 455 3006 9947 5470 2043
8557 6459 4738 7615 6451 508 4910 9050 1709 7310
4205 4516 1674 9264 211 6970 330 6068 9292 9050
9490 5632 2608 4534 4068 4482 4989 7074 4429 460
9118 2987 6919 3857 603 3370 4365 5513 2421 6075
2823 6626 591 4498 5890 802 1469 6221 6871 762
5272 6362 6394 7880 897 462 2363 5887 7537 6793
6347 6656 9780 3267 513 384 6637 4879 5898 9059
954 8722 5685 1546 3220 1576 2349 4689 7797 9220
5451 3069 5583 1846 950 6480 2308 3313 2368 9846
106 8715 6503 9887 1982 7016 271 8620 1896 6169
7679 2850 4891 3364 4396 8112 4941 6746 2802 2738
5966 8254 5808 1550 100 6758 8031 2409 72 399
2255 178 9114 8758 66 1097 5775 338 9717 7671
6508 7397 522 1400 762 4919 9512 5703 1665 2315
8441 7632 569 4249 9182 669 1008 7214 3078 1080
7613 5334 1259 6728 4093 1325 7825 9868 1664 7543
7540 8172 4940 8063 9572 5702 2982 9085 1405 4647
1400 9847 2280 1969 4097 1463 2638 5105 8677 5717
6185 6290 1051 7445 3019 5144 8770 844 5013 434
8388 2553 8607 3329 616 8179 9032 3599 7265 437
8246 8665 285 527 634 4382 1990 3273 9488 667
8990 5673 6958 41 3119 9977 5186 1889 822 199
2324 9210 2753 932 2540 3370 9111 1572 6969 6377
2010 5216 5042 2295 5743 5677 6678 7733 8950 6166
8401 7941 1840 5359 7983 4959 5336 3169 6849 6159
3369 9174 5369 6122 106 7910 9492 9218 9482 6461
5595 1492 1677 637 3788 7421 6315 466 5154 5266
6633 3556 3207 8473 8915 1191 3433 4252 4360 283
411 7729 9457 5781 3852 9563 3691 3344 8782 3174
9806 4377 4666 1483 5015 8454 8905 1330 8921 4060
6597 5554 7616 9805 4028 6532 996 7461 785 5357
7744 1196 3087 7202 6978 6939 6766 670 283 5548
3845 90 9925 8511 1573 4941 6966 479 6271 5888
4539 2869 1442 2155 2674 5471 8688 3670 2932 9473
9027 677 670 2114 7880 7648 9053 4646 8319 9337
194 2164 9427 119 676 1001 5060 7642 1481 1332
3530 6020 4201 4973 8176 6875 444 6864 546 3377
6337 9573 4055 7007 1688 1935 4656 742 6581 2975
80 6775 5140 9508 6895 5816 509 1956 3459 1991
3288 6990 8011 7490 1964 6187 4365 2409 3051 4912
5786 9389 4485 9842 6396 6174 1777 1053 6916 8359
4029 6997 5134 9169 6505 2030 4986 7015 3986 8446
9006 7274 5437 7017 4765 7402 3205 9131 9811 6257
4043 5598 5646 8529 5441 2043 4703 7218 3096 1620
5578 7126 8617 712 6296 5122 2743 1283 2137 6729
9729 1143 4004 5167 8161 8769 2570 1366 7900 2382
7623 1944 7980 3269 473 3421 5313 5176 640 8410
6796 6218 5536 5413 6931 1832 536 9674 3115 2673
6403 2845 3817 408 8013 1978 9177 583 3345 7078
2965 968 9022 946 4238 9496 4368 9551 4672 5009
7962 1469 1227 3498 6883 8159 5330 7419 7834 8446
93 4238 1291 3911 4646 9305 5889 3824 9888 9234
902 2854 203 9925 3801 4441 9421 8169 3993 4094
3179 1955 5563 4406 5454 2447 2566 785 9867 400
9231 9960 4638 523 3871 9284 9829 9761 3108 9718
8996 4011 2572 9199 3937 6374 3641 3358 4544 7635
7453 7723 9590 3017 2130 5045 5464 4696 5830 5332
5096 5062 5292 9735 5586 9164 9019 5415 8926 2128
5133 7922 6140 7706 7122 77 4080 764 3436 8624
8399 889 6348 7990 3907 8478 3035 9372 3174 8866
4704 8271 3928 9997 8006 9515 9162 7025 4930 8088
9154 64 6011 5294 7770 3134 5372 1851 3898 8808
476 2297 9698 6824 287 3606 5302 3323 2978 8476
2189 7682 6748 6118 7679 4754 5633 6842 1779 563
4930 934 628 942 6228 8398 4076 1601 250 7975
409 726 272 108 7551 560 3714 2854 3883 6693
1331 6073 4375 8079 2191 2055 2833 7825 8897 4613
8389 3828 5547 9017 4771 1776 7416 8847 3377 7666
6823 3787 8393 7095 3895 5945 7656 7610 8799 1540
4303 130 7613 8679 8209 9805 735 1042 7630 9633
5655 6019 3461 1202 5036 8233 2979 2453 7081 6356
120 3904 143 8513 999 4039 4459 8656 1649 3258
196 5953 3388 7809 4632 1598 7615 5368 2641 5245
5001 8296 1265 8463 9499 6301 6696 2478 8755 3777
8834 8875 7681 8978 7389 8681 3017 1848 7337 4666
5106 7534 619 8495 5343 5252 93 2958 620 2734
8204 5622 1031 9469 4085 531 5771 781 3009 4526
4559 1844 3401 2240 822 790 922 3839 2639 8260
8506 7745 5794 9126 6241 1138 4379 6335 4097 5000
9069 2301 622 101 1771 4707 632 7542 5488 3642
2068 48 5486 5470 2288 6309 6261 3211 149 8900
1471 8655 6646 7266 7782 2887 8404 2161 9222 2502
7161 8292 4803 7784 8394 6574 2491 9027 4117 7980
2669 6186 8028 8156 1657 317 4465 7918 3528 4615
6819 5000 3271 3466 2266 1053 6354 671 3215 5577
3173 377 3869 7977 8161 2264 4552 652 1291 8669
8633 3960 4856 6661 2117 6513 6979 6583 4432 507
1198 1252 5508 4469 4718 7774 5523 1072 8446 8738
6649 1620 9116 519 9597 7277 2784 4150 7930 4075
2820 6563 8036 7676 3225 153 4189 204 6736 8622
712 7935 9874 6220 2404 4592 3995 7927 5665 2441
6666 2314 4061 5782 2834 3659 3060 5618 7809 990
9693 629 7553 7730 8305 779 7884 2495 983 4620
1117 1695 2555 991 7915 4960 5584 1910 2888 1249
4352 9555 3564 8413 5337 6398 2072 8397 2016 9882
9388 1710 511 6941 9441 8817 7721 7325 1313 8704
1946 2431 400 4501 3422 8316 9462 9007 227 2350
256 4579 1905 3820 2993 7243 219 5066 5641 2236
4948 5029 3946 5460 1971 3388 4278 9692 713 5591
8397 2659 8023 8797 7161 1446 7114 6624 453 7341
8975 709 1921 880 4530 4915 8124 4749 9981 3766
6986 4930 8795 932 391 766 4321 4669 459 5034
261 8857 7694 8284 7654 4856 9730 4769 1480 184
2111 455 894 4032 1336 5424 8947 9461 174 8929
3227 7160 3859 2022 8093 4250 2789 2414 8920 3249
7449 9181 2106 5144 7466 9761 0 7197 4530 1481
7381 6641 1936 8275 674 3273 3700 9622 2734 3874
8551 5961 1035 2410 7984 9129 6661 774 1544 5581
4023 8994 4763 6130 4138 2229 5891 4139 9427 422
5620 6808 7063 7557 5083 7738 831 8783 7360 3565
2658 5912 9527 3694 8323 7511 2823 4984 8286 4367
566 2309 3361 5330 8439 7500 7560 4331 1640 6987
4753 7260 3795 1817 4818 8879 9555 5649 7662 6916
9215 321 2828 8742 4015 1151 6254 6838 6136 4540
1206 6702 6850 4568 2032 5289 2068 9593 9621 3708
6580 4374 969 375 6191 5788 9255 5747 1438 6918
2664 653 7239 5492 9396 1255 6643 5650 8094 2780
191 9300 9482 7041 3868 1515 2331 5937 1108 1952
9646 7688 6327 615 8064 2519 6404 7319 8266 7842
4238 930 8495 1477 6423 7892 2732 3067 3542 827
5847 3733 127 5330 775 3996 6845 3106 9934 7954
5059 9580 5643 1386 196 3708 3905 6600 1028 2172
4442 5266 3103 2938 6744 9526 830 9477 2593 4373
304 8441 8107 432 3771 8882 4428 617 1989 4363
8571 7048 3943 4215 8435 4140 7924 2341 740 8952
4513 5183 4219 7616 8121 963 7143 8952 440 9736
3325 745 8177 1433 1177 1949 315 5606 2566 2304
9969 1138 9353 3913 5353 7789 8053 3278 130 8794
2230 4643 3978 6450 2260 2100 7413 9403 1052 7854
9139 4378 8600 7317 5811 9777 9266 6127 5384 1833
8432 5353 2971 7785 9267 8325 5574 7321 1603 5704
6116 3834 348 94 284 2608 2194 7698 2011 3246
5553 1151 7625 4153 8469 3436 3931 7736 9563 9315
9569 7995 4669 2540 5781 3936 865 1356 1258 2469
7061 7374 6303 7409 7468 6588 18 9662 4287 2030
2909 9841 3181 534 3994 1651 3971 7926 9387 3535
7241 8956 1531 1910 1496 7313 5847 2362 8669 7105
4832 5731 4480 1136 3141 1948 7724 3159 1611 2012
5189 4520 1853 8371 5055 5848 22 9027 3774 9409
2563 1016 8366 4094 2927 9863 1407 8774 2226 77
5880 7058 5808 360 8194 8950 2309 5919 2109 3920
7932 7299 8441 9785 5670 3496 5633 5693 2524 9408
5103 5087 424 3469 9182 3351 3332 590 2126 5558
667 8007 2617 6476 8367 812 5426 676 6731 7536
4597 4663 4835 3038 4449 506 6535 83 6199 9059
9491 1302 4147 9916 4772 3329 3268 8104 3919 5395
3663 4587 3402 6281 1064 1770 7093 6490 2446 3824
4027 7044 8488 8862 82 2937 9368 6617 3021 5568
5677 2513 6871 9825 2429 1643 3154 5698 9748 7074
1093 3412 1662 4495 9693 2726 6265 6786 9216 8712
611 3243 5757 9099 2106 5839 2037 1475 2457 5059
7044 8135 7572 3915 7960 2 5559 1115 5700 5308
8189 6794 8721 9851 1289 8414 2577 7555 5201 1794
6268 5812 5038 2025 4912 7145 7865 6950 8621 322
2009 5665 8458 9582 9581 6418 9584 5140 7533 5285
449 5723 2079 9170 5575 3369 7584 8152 925 2786
9947 7193 8598 4986 9219 3511 2131 7084 462 752
7407 2471 6418 5865 2054 5999 2284 1639 1139 9818
6924 1589 5541 9003 759 1116 2373 8344 9269 3298
1130 9216 491 9728 4203 9711 3240 6335 6796 3702
7088 4204 6174 3506 70 8228 9505 2354 9867 645
2172 6791 2234 7714 5795 2994 8830 8168 1338 8099
1466 2468 7316 1958 2197 1520 1670 5437 7855 8467
9139 4943 2671 5314 8450 2741 3542 7955 5096 3410
8601 7269 202 836 4983 5998 3830 3814 4166 5168
1914 5633 7636 9230 7592 9833 751 9263 5270 8606
7730 4410 3550 401 9724 2000 3143 3267 9956 8239
6677 8557 5509 6879 9394 493 2877 3224 4307 7044
8392 6221 2678 6029 5452 271 5862 6203 9534 1133
4810 7264 5543 8361 7666 5268 361 809 8535 318
9049 5213 8876 4558 2092 8270 5051 4970 1494 9359
2015 9887 5580 4694 5916 1032 4965 1779 7236 4500
2912 2046 1764 8456 407 9430 3725 769 240 2260
1087 9289 7473 9964 3848 9566 8234 8900 4537 9729
8259 6553 9617 3839 1247 5533 4872 6213 7313 2109
713 226 4156 2478 8682 4564 1908 2407 5333 2149
4668 6421 1439 2142 6386 5287 1709 4620 4187 6246
4350 2447 2800 3967 6287 4048 9501 1160 261 6815
3269 975 7041 7425 3453 5724 1989 5362 8132 7323
7511 2800 3745 8950 4943 131 4238 6652 4752 8425
2899 9102 873 5699 3070 7160 9748 2572 8320 9
9387 1590 984 6428 9015 4438 2152 1005 9800 284
8329 7311 3085 2074 6262 8028 2205 500 4680 6957
8926 7580 6060 9799 3280 9130 6960 3028 1703 5281
3038 1090 6871 4022 7518 5887 8461 9671 6893 8261
9956 5222 5573 3041 7297 1835 1070 9502 2336 5750
6460 1263 3331 2520 1062 6611 1651 8023 9639 3354
3304 2677 4445 176 6700 1964 6064 5161 1635 2958
3423 1591 8180 8996 4633 5477 832 5703 4980 3169
1454 1440 4432 4785 3961 5495 1397 5613 3518 1036
8967 6823 3714 3412 7000 415 5376 3065 5576 7012
6023 9000 8604 4204 7997 3237 9682 8829 8941 4662
1999 395 6103 6431 5181 65 1927 6578 5678 5445
7614 4646 2269 1329 8059 9270 1744 3436 2335 7321
448 8359 6321 9053 2563 4318 2291 2245 3148 1232
6908 5147 1628 3011 1579 6809 3076 3506 3387 8755
8952 1002 3401 1222 2331 1460 492 4076 4896 2828
1397 5345 1187 7719 4398 3750 2038 6690 5996 5186
7922 2904 334 9550 5915 1913 6359 8992 5420 9747
7748 4372 749 1149 5594 3081 2610 6087 7157 7506
8915 8555 2852 102 6275 7251 3853 8313 3941 9849
3499 1864 2754 3834 1414 8670 5747 7774 7662 1168
7521 5410 5540 8271 6560 1135 1352 9170 7222 8510
6677 6138 7066 9529 6240 3341 6781 94 1654 723
9944 5154 2587 2698 8988 4002 1368 4736 1776 9031
5905 9298 4442 1445 7570 1002 2581 8923 172 9803
7433 6850 5942 4500 6379 2183 7842 3161 2277 9496
3884 2222 4651 6471 4920 3640 474 6289 8377 2250
5320 4282 1549 9762 5728 9119 764 8309 8043 937
8113 5476 7787 4055 9977 4167 6238 7819 7328 8516
7316 1213 738 1968 7684 5659 5608 8158 1948 3986
409 7268 8269 1959 7030 3997 1079 7795 2307 9122
8733 421 4599 6520 4477 4576 688 716 2396 8016
9232 9712 9230 9971 1680 6914 5630 7289 5073 7579
1275 5483 4847 9544 7443 1878 3542 8522 9674 5849
7645 8407 6270 2245 4928 747 6821 5616 1463 9217
3633 696 8930 2863 668 610 9778 6298 7899 4852
3878 9175 336 8725 8719 7779 604 2262 6302 278
8111 3948 8686 4382 6193 3614 5130 3014 9230 6594
2232 2864 7291 1162 5727 7959 1773 5505 4258 9672
357 8136 8848 693 6862 7567 8472 7466 9830 4775
7745 7941 8723 6431 2324 4916 46 7454 7931 9277
4049 163 2141 1340 1326 7868 9299 3099 3373 3558
2772 3731 1694 1620 4424 8556 9188 2897 6023 9018
7673 3768 6960 6396 200 9284 1313 246 6739 9244
9523 788 9408 1664 2129 735 9532 1429 3834 2906
4987 6607 6637 6682 8228 1062 5239 7417 3959 1262
6435 1632 5031 3396 8029 5231 2680 9342 5478 9420
8587 5001 209 7995 6665 2338 8730 6198 3767 2565
9104 8755 9173 5742 5438 7401 6804 677 4818 764
1940 1254 2397 6971 4650 426 2203 7331 9769 7681
6751 8356 2683 6960 6352 9349 9299 5082 5547 3067
7648 4652 1822 6821 395 7260 4223 7199 7938 9041
7963 9878 296 360 6850 4946 787 9053 2277 556
6735 9029 8912 9418 5990 5264 8767 5289 347 4315
8356 7995 8968 179 4817 9363 7440 9040 6562 5378
8082 4526 5256 8378 4886 2107 3324 5673 1160 5602
6230 7895 4631 5142 7314 622 407 6082 5911 755
397 4268 8750 9365 4447 3568 8728 1888 2608 5291
7266 690 9817 2523 9068 4704 4630 2393 378 5791
7995 6608 3687 2627 1751 1001 3249 2159 7083 9161
2914 7480 3429 1665 6846 7877 5233 5575 9765 7841
867 7032 8532 684 9555 7601 5389 4186 9995 5767
9977 7990 2376 3664 618 4128 4665 3868 6287 1749
3029 9201 9230 6459 866 6076 4337 6099 1652 4103
3941 2519 1135 2474 3204 691 76 8594 4877 71
4362 4854 8062 6738 8519 8680 866 3184 2549 7153
4933 5579 6355 4164 2039 7221 240 6376 3321 1893
479 7263 4413 1615 9737 7617 2307 9813 6211 7184
9885 573 2039 7947 7312 558 6628 8179 3743 9177
5332 8677 4757 1688 2841 6796 8909 3082 3172 2231
4976 3652 9494 9389 5268 9232 7007 7575 9046 3218
4760 8931 3792 6800 6879 1105 7359 3507 9284 1103
2685 4616 9780 7442 6305 2622 4239 5214 5705 7411
7446 682 1064 6940 71 6333 6173 7078 3909 5219
297 8669 4151 4090 5470 1030 5195 2829 4538 4479
3933 7224 9096 3714 4667 5401 6337 8906 616 2042
6317 8062 2724 7382 5003 2796 3715 1176 9874 7624
6396 172 6294 548 4262 1765 1579 9457 4595 6117
3937 8528 3342 3033 2242 8009 8434 8579 6915 9050
622 3233 7113 3347 615 2116 6143 4331 3293 6017
1956 9690 6190 8251 238 452 16 1817 9910 4611
7935 3847 3140 1277 6880 5383 9286 5315 3962 6202
4366 4585 9435 1479 7932 50 3595 4075 4382 6889
93 6339 6579 6283 4590 6817 6735 4607 8635 6645
9219 6570 492 2359 7848 7373 7742 7135 2688 1705
3337 7054 6290 2772 8533 4222 2823 2129 8298 7206
9019 8391 3545 5598 4674 8135 2416 1410 2743 1051
8056 1962 7622 8549 4321 5470 5922 2064 2605 8610
3770 5942 5665 60 8715 4199 4283 1538 6329 2581
8744 5348 973 2290 946 5647 425 3362 7058 3168
4414 5114 5131 2036 3663 9453 7507 9586 1517 113
8197 5287 6055 3862 5348 4771 8061 9631 6310 4390
2213 5055 9738 3186 7345 685 8834 7771 4048 5892
940 8462 1007 6071 499 4671 5524 8006 4257 7042
8119 2454 2329 4175 6316 7678 8947 4378 7310 5257
8769 9524 312 8507 2710 7657 9193 1545 5428 3242
7438 6368 1705 8445 2440 2204 3116 7964 211 7374
5006 8331 9828 7336 2506 6145 5015 1454 523 2325
6711 9292 1849 7023 7800 4560 4681 6994 6105 110
236 3544 6479 1941 1989 8919 4145 5106 6883 4356
2480 1890 2688 2309 9227 5194 8454 4242 6648 8977
6568 3360 8270 8417 384 6070 2978 5066 3064 9084
5176 3301 2628 1655 5242 4618 575 9387 9725 7459
3744 2206 9349 6432 4515 8577 1627 2969 2819 8276
1947 9387 1637 218 7805 2021 6288 784 7087 9353
9868 2264 2654 2497 3920 7897 7115 4495 7284 6840
1954 1029 9046 1304 7462 3562 9881 9090 6531 2700
7367 8479 2088 9004 8697 9893 1025 4986 677 8113
4340 546 378 6995 3043 4298 4892 159 8793 2177
7000 748 3207 6047 2052 669 9609 1934 9759 6141
4635 7126 4620 6723 6131 3318 6617 7157 8305 7295
5270 2645 7842 5648 9640 886 9946 4533 1045 8740
6710 8045 9489 9917 4093 1541 587 3702 3476 347
9844 8111 7474 4465 4835 3605 7783 1452 762 6088
8748 6033 8734 6590 1681 8375 7476 1628 2908 8522
369 9619 6568 9858 9537 661 1400 124 4364 4876
472 4208 2987 7946 8673 7823 1551 6457 9276 2313
2545 8024 8346 1280 4615 28 9655 2092 1657 2564
615 2026 2184 7183 1885 1721 7845 3285 1846 2209
8161 2318 6417 1149 264 5091 8973 1815 1548 8249
4129 4094 6273 2476 5374 889 2504 5029 2982 4162
7594 3597 6188 9778 781 8074 1499 8626 1359 3346
836 9521 5664 7253 671 5929 2345 9644 7745 3893
7893 1874 7987 4167 4351 3362 5057 6856 8392 8039
1018 5986 1637 7207 5764 2418 5281 7264 1045 6640
611 1881 6162 6276 9135 6833 2205 1480 6478 9950
5374 4371 1825 3362 8539 6176 6724 3596 3032 5116
1635 4051 1102 3273 1258 6867 5691 6539 4132 6737
3180 4743 8618 9342 1019 7754 6176 3225 9235 2654
3175 4609 7026 5001 7971 5565 1178 4695 9161 4211
9811 797 8262 914 4070 9520 7782 9762 6060 1914
6499 9241 6658 5118 8584 7678 2873 4760 903 2108
7415 4079 6717 4442 9080 4689 7 258 9384 9169
4469 9196 9966 2732 111 4037 2253 7893 3799 8314
9808 299 7555 6467 5418 6139 4145 8292 900 5048
400 8315 9127 7117 2757 8208 1807 2765 8467 1191
1934 2937 388 1901 5669 499 5938 7923 8393 9738
6237 8202 38 3792 4669 5457 9932 8815 3749 832
3864 4149 9148 2992 1267 1906 1200 3074 4671 9667
4266 6606 2605 4654 8507 8274 5154 4446 6198 3548
4184 2435 1751 4223 6227 6420 9680 6159 5236 3429
6992 9100 7579 6140 2092 8847 8046 3292 1921 2718
2960 6188 9324 5565 843 7832 3840 5997 2278 38
9546 6463 2473 1297 686 8701 7718 366 4861 2954
3796 1853 2054 1375 7994 4146 222 6040 7439 2144
8759 399 8332 8084 5965 9175 5916 9805 5173 8195
9843 4720 4658 2317 6018 5344 1018 3736 5711 5880
6691 9507 7733 8746 883 5727 2893 1106 1768 332
3251 527 732 1584 8612 6697 759 4528 6502 5933
2723 6346 653 7382 8664 6672 2726 9683 408 8437
5563 7100 7945 3297 5846 8829 9024 8739 9936 793
9072 3187 1321 9804 4771 9933 6501 5531 4462 3004
1464 7186 9351 2118 4568 8015 8790 7294 7698 9199
5732 3262 6300 3678 6559 2146 2508 5583 886 2444
6377 9959 5631 7698 9763 403 7631 6264 5934 2094
9269 7399 9280 8620 9518 3848 6635 8309 1143 4334
7508 6876 7596 3809 555 4155 5956 3063 9739 6842
5507 6116 6801 1139 3815 6565 1542 1447 2830 7477
3541 2099 4877 2821 719 4395 6670 7355 2704 7813
1689 213 4690 9285 4022 5245 3441 9979 8308 3180
6821 3816 9297 3623 4955 3113 189 6497 4560 3019
3975 8101 5118 8852 923 5837 3247 7593 3193 5952
5407 4882 6166 98 4168 189 5343 7610 168 3652
790 6990 7468 88 614 2423 3201 803 8921 7762
3822 2896 5864 8940 1749 6787 4778 4996 4381 7971
949 9789 2854 7116 9888 7023 7305 5231 4633 7473
8884 5424 4464 6352 5512 5078 8776 8714 5881 7698
6477 9704 594 2341 8644 2343 9129 3423 7340 3511
1395 8290 3300 4250 5406 3189 1273 2711 8420 5906
185 7305 1330 4649 3657 6843 9728 2434 5558 5609
132 2035 5313 726 4376 3958 3070 3506 7382 411
7017 8777 8701 318 3028 4107 3507 4301 6819 1928
207 7004 9233 1538 1654 2891 8381 1382 5325 3940
6992 5457 5975 2306 6184 352 6264 9255 3859 3647
9666 876 2425 8368 1195 5453 2475 4702 9754 9295
6631 9962 6300 5864 1500 7955 8755 9882 9337 4080
3822 6330 9538 9798 8636 5722 151 4901 4978 4010
8548 4644 4887 973 3012 6082 6426 5488 785 6181
4784 7416 6143 1084 3280 7643 9039 2036 7526 8377
6117 1349 4707 5655 1148 3343 1378 1299 8244 6356
5310 6792 1000 197 7766 4013 6280 4192 9502 7065
373 4286 4482 6517 5370 7762 4161 4410 9799 1687
2787 5916 3037 7494 1571 4185 838 2949 5485 9082
9305 795 5875 306 993 3641 4320 7274 7834 3822
4340 8208 8108 8822 4725 3479 6585 8886 7889 6384
574 677 2300 3611 8171 3872 7797 9009 6822 3282
8092 6128 4078 3968 6434 5072 7609 755 2347 5444
4577 6687 3653 2685 5509 8378 6165 2095 7265 4054
8479 7840 4731 780 1452 2903 4653 9249 1913 1475
2532 5 7603 6611 3973 4038 1684 1583 4793 4031
7028 9371 719 681 2057 6228 9060 8222 8324 6326
2277 6804 4166 7009 7584 5619 9912 2238 4868 1826
3713 7401 1831 1317 4013 5805 5356 5697 7389 150
9729 4417 9521 448 5099 1579 6677 4159 9801 5001
486 2079 1805 4652 9088 9390 271 9000 1628 5140
826 5342 2542 2658 6659 6555 8464 2016 2253 5854
2167 1982 272 1689 2430 5371 3268 9107 9531 3070
4109 17 5149 5914 4670 4237 5304 4942 3238 6933
83 4065 2275 2625 6723 8935 9181 5188 951 1434
1042 3119 3416 1314 4808 5847 6686 8076 4955 6217
1146 9064 6235 6296 4978 905 533 283 5848 3771
7216 5931 7836 9491 8556 4560 8426 7737 9748 9378
9172 791 2497 2588 2105 7306 8436 8792 5382 3391
5009 6529 2455 1245 2825 7433 2151 3358 7716 7999
7130 4932 3930 4967 4424 2487 9527 2850 225 9276
2229 9397 67 4727 1986 2173 2033 422 965 7415
3813 5975 3945 6268 7221 6771 3701 9372 130 1418
7371 7260 6351 1301 2227 775 3789 1755 3626 4014
1031 5855 3411 1099 583 5397 3273 2616 5819 4239
32 9633 215 3978 5901 7436 749 9603 6808 879
1021 4180 8139 7372 5481 367 8148 9271 2123 1774
3285 3155 7630 6697 4254 8213 2095 7528 830 7914
1767 863 7548 1982 4841 3449 9418 5590 3052 6227
6469 4073 407 4609 1446 5889 4977 9595 5160 7100
1369 8446 255 9000 5143 4510 7214 7238 2038 8044
5153 3805 8907 2701 5788 3748 6151 5207 9339 9203
1434 5808 3277 1842 418 4724 7731 5395 4319 2892
2496 5689 1338 2752 4689 6482 7262 1903 3721 9300
9948 8874 3106 8856 1576 8895 2605 7727 4102 1944
6931 5537 7753 208 7379 8172 4933 5111 3568 9252
8004 6064 4941 9342 8816 9630 5825 6078 1534 9546
5379 1483 8421 8486 340 9998 7381 2945 7726 1484
4890 4657 7021 2644 4866 4401 816 9799 9512 4384
9051 7516 449 3992 6859 9265 3623 2685 5344 5158
2231 724 6642 653 9210 6982 651 6592 9927 8377
8076 4818 3034 5097 7462 7900 9499 8278 7700 9011
2663 6751 6528 3112 744 3388 2377 4368 6073 7722
9526 8305 8446 6168 8958 7657 3150 9610 4249 3078
7987 2325 7896 1022 7423 5358 8923 6922 3637 6623
5934 6301 3374 2463 9413 4119 5851 1791 8487 1925
9513 8013 230 7960 4182 9189 5617 7333 8799 9866
411 6786 2192 8307 7809 9615 3666 6732 6538 7304
3355 2472 3605 6730 4935 3018 850 787 4810 9337
2712 4324 7351 2942 2284 1533 2132 7902 8866 931
7769 9278 7717 9961 7586 5527 9577 1252 2259 6115
8557 5615 8587 2162 2346 3523 5181 3196 4310 9992
2533 7022 4316 9885 9965 6601 1418 2097 4503 285
3028 2272 9563 746 2233 7150 6273 1810 8403 8533
7925 6960 4149 6513 9123 6495 36 4304 9692 4346
4296 2226 1369 8613 2111 1334 5214 3530 3432 9717
3815 6461 1989 3379 7208 4223 529 3482 6034 8932
2015 3960 5893 6164 473 5016 2660 510 9320 2352
4857 3617 4578 6226 2230 6689 7560 7444 220 993
7162 4035 7454 9152 7415 4662 3375 7944 8144 9409
6877 160 3370 2770 6325 3843 7786 8985 4354 7107
1338 9211 725 5917 5437 2955 2607 2998 400 2827
3991 7563 6862 1446 6715 4278 6108 91 2222 4253
9500 9100 4413 2870 1870 738 6714 9657 9724 1069
6764 1063 280 7490 6980 5718 445 9587 8716 846
2415 2708 8410 9278 4154 5125 3556 263 5216 5779
4516 4717 4879 8930 7588 6750 9669 4303 6408 9393
5372 3173 456 5653 663 7437 1371 1109 7025 87
1955 9440 2796 366 8718 6950 5491 2274 7213 708
8053 1730 5425 2933 660 3013 9683 329 7317 6091
9723 2689 9264 180 8342 9928 7618 9713 1037 4643
9801 2993 4083 2597 3359 2801 9548 8850 5076 6762
9558 3129 8492 4984 6062 9153 7998 5746 9482 5315
1838 9206 8005 1103 9387 6348 1031 7005 6062 2068
1648 5863 5061 5731 8461 8421 8533 8009 7271 3609
4771 6830 6739 3264 1815 2801 2417 9813 8547 1900
5129 386 1106 3134 1489 494 9482 2520 7499 5544
4589 9147 1408 9650 4879 9870 8071 3413 7879 5343
7022 2651 2174 3761 5915 3989 6563 8333 3803 5111
233 8932 5497 1340 2066 6986 1834 1549 9507 9333
7094 4096 8481 8503 3747 3361 8373 1819 6774 6253
7163 3796 8904 9337 7558 4820 3327 4121 3154 7130
9233 3387 6063 4730 4727 8129 1717 6562 9679 1225
5895 6773 5321 4377 5277 9069 7738 3650 889 4512
9903 8052 8309 8808 7390 5868 3629 718 9990 6783
7848 9223 170 3911 3954 4898 2041 5671 1461 1721
6897 7356 8495 2218 1734 3772 1288 9472 7422 2177
3985 7326 229 2295 6134 7620 8163 9763 8338 8153
6547 6187 7377 6718 99 1331 1616 2141 7003 3077
3862 3900 434 2357 6119 2169 6130 7407 1642 3552
9585 5627 878 9815 7923 7013 7435 6086 6777 5773
4240 3324 1960 1617 42 2059 2948 1659 4200 9952
4737 8063 3852 5172 421 9972 7342 6551 7380 8984
103 6965 4612 982 6780 2535 7995 4216 8621 4773
9989 2861 8098 1950 4479 8141 4010 7428 9801 8211
7380 4539 6274 1232 9711 6695 1205 7054 3246 8585
6038 3350 5550 650 4332 2331 3185 2328 6547 1807
7102 6536 4669 5200 8487 9148 3341 2497 6576 3142
709 3956 7681 6983 5189 7393 3679 6394 4447 6925
4979 486 275 530 1136 4608 2861 4322 6937 9408
6129 4039 5945 798 9239 4432 9947 2581 6930 6523
5723 7639 480 3405 4623 5670 798 8302 2064 5246
5228 7044 5732 5504 7574 6869 112 436 1191 7050
9845 7321 1089 5790 8120 329 223 8067 2910 7154
4591 8634 4794 5072 2039 9417 742 2838 7720 2806
8084 2948 9851 3817 8452 7426 686 8565 7862 1878
5615 7707 9200 6704 3498 7320 7033 3722 5388 9944
876 9980 8578 5671 5052 617 5088 5794 3455 2808
8601 1540 5757 8452 5358 4209 5878 6045 2774 3741
7924 8389 1449 7124 5094 4947 4445 2128 8670 9833
2072 9547 9813 651 5218 4866 1269 307 660 4724
3116 9262 6265 8873 7714 1624 3083 3593 7669 5857
7334 5593 4247 8784 2717 9342 3732 7163 1470 2402
6996 3543 1950 6810 4194 7168 1677 5463 7475 2337
188 592 1599 6454 9465 9314 8078 2548 2907 5748
8406 242 1341 2654 9027 4059 1996 2759 1222 3467
5162 8219 7010 7112 5030 1205 4280 6707 6669 1756
9045 6858 2349 645 3313 1814 9959 1392 4363 2867
7140 2770 3110 8482 5424 2137 2542 7420 4897 3765
887 59 1985 7898 7172 7015 9104 1452 3723 5774
3209 2768 2633 5558 3413 5946 7373 3373 7338 1737
6241 4479 4507 9351 2961 9931 1489 5504 7352 6387
9269 8240 6447 1254 6139 3619 8270 5243 5072 1993
1018 8281 4762 3651 3840 8175 9597 1214 1549 6936
2951 7790 1416 7458 7142 4378 7390 8632 9882 4743
5019 9151 2983 1466 406 9123 5086 8676 4367 158
669 5385 8440 5432 9036 2280 3607 8634 3495 5157
5571 6446 2948 6987 3905 90 1365 1296 8723 1247
6039 3743 399 9023 5210 805 8146 296 9482 2513
454 152 7898 8894 5584 6935 1175 9192 5570 4671
4349 1141 1117 7298 8129 5023 7388 9495 6319 6112
743 2358 9855 1142 1381 5065 1948 9527 5362 1431
2041 5816 1583 9939 4711 7168 6874 5887 6360 2445
558 710 3587 1676 8008 1716 6699 5397 1211 3019
1509 1955 5377 1365 3098 6759 6431 5047 6287 1793
6478 8328 7610 8062 8268 2322 5230 5143 8209 1591
7588 8767 2301 1175 444 310 2892 7143 5707 4104
162 7217 6059 5540 8582 9157 2300 5014 4205 8587
6807 683 6916 4418 8745 5185 6740 3976 328 4949
5567 7917 3717 7868 9093 4161 8178 1985 1305 3886
6090 1467 1103 2149 7008 9686 1307 9308 4700 5512
7896 1508 6196 4813 5927 4941 9998 2667 8917 327
7617 4484 8245 1335 2353 7338 5497 531 9324 6802
4418 5414 8270 5521 7563 5279 5207 8871 4587 9908
4383 2484 1417 580 7297 7344 5521 7296 11 4439
7624 7629 8924 5869 8964 1277 3208 4462 1809 2532
1264 6227 7946 9535 1749 5510 4814 6957 4381 9402
6865 8765 1887 8282 9345 9184 5626 4867 6481 5638
9307 4105 3268 8231 9975 2232 9509 3183 6695 1319
5715 7960 7547 3661 7495 9296 9172 2310 6253 3553
1713 3119 2319 3600 1402 1664 2785 7029 6532 9266
2667 5839 3372 5935 4071 3347 8168 3580 6531 4864
4900 2246 2824 2447 5908 319 1744 5080 2630 7998
8634 4343 1117 953 7944 2520 2618 729 9549 9150
9996 2216 4989 3368 8152 9060 6716 6321 2641 3247
1185 7541 5494 4009 9989 1403 4329 1733 6483 6960
9732 5118 1304 850 6071 9248 3370 8689 9977 2919
7839 9973 5136 2829 3342 3289 1889 58 9610 4531
3306 796 2072 8801 4806 2061 204 9135 3795 6688
6096 3527 1806 7400 4378 7877 6648 7748 6567 6626
667 4406 6599 5804 7236 9942 9093 9126 1 8704
3657 3308 9500 5729 2109 4306 7791 2314 3442 1587
9002 9538 5115 808 6939 9493 8686 3587 7241 5254
214 7909 9661 6813 3713 6897 6756 2807 6023 6757
1511 9680 65 1011 5410 2175 5318 3202 4489 8761
4789 3491 8300 9905 4300 5239 9398 2987 8827 6640
8241 9041 4550 7902 5855 8264 4799 2611 1071 823
9368 2582 503 9434 3594 5914 1609 8913 9116 6098
7674 3906 9590 5974 3812 3890 1213 3210 6878 40
9851 5119 9081 4401 3021 4937 2666 7821 7548 3737
8644 6917 6320 9148 6351 9915 5062 7961 8828 4179
4059 6502 8086 3650 2476 1898 7540 3690 5109 4418
3731 4960 9538 2813 9362 2560 7750 2028 381 5298
5766 9026 2216 2087 8174 8568 2003 3237 6529 831
7416 589 7334 5503 4239 9811 7401 1780 3502 2510
6199 7233 7471 5737 46 6833 8297 7796 8862 8679
3095 4629 7705 5311 6717 5879 3880 8720 9116 409
9552 6533 998 6887 2036 5238 6698 9438 7018 201
1948 3217 7434 9420 8954 7480 6254 7252 5277 5116
5931 8372 9746 3636 3684 6463 9516 7564 5184 8633
7974 4736 5166 8973 1624 7203 4211 8323 6641 1229
8524 8590 4447 5958 8010 3402 3438 4264 654 8716
9381 6586 7089 9128 223 773 5591 9740 8338 776
8373 6313 5513 3540 5286 7137 743 9498 5460 7385
728 3984 5976 5175 9942 3986 8577 3381 8251 9232
2097 7633 5819 9186 6762 6042 9960 2354 5782 8299
3130 4156 4613 8643 7696 9899 5780 8440 9398 1240
5825 126 5225 1802 5301 5168 5788 3879 8549 4040
3112 647 1674 8931 9834 8436 4974 9795 790 756
8095 3921 4912 2708 2564 2609 2608 8345 1049 2006
9586 6875 2133 4811 8677 7435 9979 4466 1314 8529
8507 4427 9177 181 3358 9011 8618 8332 8807 9409
9089 6902 3330 4002 9611 5894 6611 2219 4240 7660
4226 3826 4536 6360 8637 3213 3795 8617 7680 5110
7147 6187 9537 6324 6369 2896 5335 4988 1229 4142
4397 318 1045 7727 4320 656 3622 932 2876 7862
8593 7103 1689 3129 3463 327 6343 7259 8944 4023
2369 6091 211 1906 2415 6580 4803 7751 1568 6032
1894 5965 6350 2940 3693 671 3597 7316 1603 6474
5179 197 3578 6868 3326 7042 7196 9670 4301 6140
3693 6670 2232 3904 8577 4648 485 3380 2400 2054
9412 4295 8019 5763 7235 1713 6435 832 9030 8039
7306 4210 8236 885 1079 1563 7927 8275 1233 2228
4416 4927 8899 6649 8832 7477 1297 9317 857 3698
1371 270 7993 9391 6034 5228 1105 2469 6061 136
509 3368 4346 8745 4253 5425 309 2180 3700 1542
4409 8116 6470 3308 4765 5302 785 6063 4620 1643
9761 5992 1914 7755 5384 7949 2984 6490 419 9045
6626 928 2414 973 9673 6667 6398 9982 8848 99
1525 3257 8215 7995 6566 2981 3298 7352 9045 7919
8996 8807 3912 911 6562 9296 8860 9546 5787 9279
8592 2414 207 1006 3387 9881 7673 9786 9864 6522
9885 1390 9780 8101 9386 6346 1083 2684 3699 128
604 2695 8935 4516 3606 5498 3813 2467 5044 9600
1746 3636 2015 1954 4643 5402 1835 2316 5189 1699
8839 5074 3090 8619 3175 2476 4966 4258 5160 8665
4387 5765 1361 3323 281 4968 8821 4094 7435 3866
3695 9182 7503 5711 1136 2146 1114 2972 4463 6303
4672 3302 1377 7762 1921 4553 238 6888 8812 5398
5554 3199 1163 6916 6522 1445 1884 5343 5540 9320
9209 9236 8502 6712 4947 9639 8858 6061 2611 3321
2365 7283 6624 3742 5045 8546 8295 5283 5434 7107
682 988 307 1846 7904 6829 3291 9789 2173 8832
9109 1382 8068 7612 8095 3016 7252 6954 9078 9863
276 1443 7146 6900 5185 2192 5446 3481 7475 881
589 8158 1870 896 4 9774 7725 3296 9564 9898
2128 8674 1281 197 6287 9377 3213 3539 6331 2291
3402 6608 3734 549 3508 8920 2741 8955 2402 217
9837 2991 8375 1707 3887 8379 1482 1613 1676 1046
1512 3804 9720 2794 4002 6007 2171 7215 9547 8503
9507 2949 5111 3242 3499 8620 2163 6240 7576 4565
6457 7413 7556 4833 9120 1444 3213 602 3057 4889
1649 4570 8694 1369 7364 2696 7377 9536 9912 6924
8039 9419 9874 3151 2662 3373 1771 4825 9614 9348
9390 6071 6762 6947 905 5882 8391 4118 6485 1449
9007 8134 6019 7702 9504 3383 398 6881 2919 311
3806 959 9730 3680 4110 2393 7053 5882 7218 6667
5230 6609 2739 1992 3556 3645 7875 1947 7763 4361
3396 6771 2495 9416 4473 1999 2800 4872 8881 5719
5183 2687 6679 4914 6367 789 7307 3421 6672 4526
89 1903 1135 2828 3896 4691 6473 1771 6639 4237
6132 36 1008 8628 9452 5482 627 2252 355 9508
7972 5538 2196 4651 453 8564 5441 7761 1985 2113
2287 2074 4016 3423 4903 7912 8115 1377 9684 4754
5615 5817 4791 6624 4445 4244 2106 5073 6497 2461
4582 4469 8000 6778 9121 8453 5342 4563 6215 7328
6676 8502 9402 693 1925 4306 8606 40 5683 8290
4795 1298 4108 9587 7922 8553 3831 29 3627 328
2491 8209 4798 492 4988 3920 8946 331 8483 5161
7659 5160 3663 7062 5853 5589 1368 4460 5630 7052
2751 426 8351 6859 13 6274 5413 3844 6303 9041
4173 8795 7250 8972 9287 2239 2892 8233 2570 1376
3395 230 6536 7058 7292 2390 2648 8661 6851 8278
5713 9602 8705 4065 6462 8718 339 1875 2563 6643
916 6737 5439 8167 5709 4726 407 8602 2960 2977
9978 6355 3207 6515 3414 500 8906 6063 9161 5757
4341 4875 5360 3046 8940 1822 1765 9280 3698 4328
5923 4615 1066 1362 2782 6775 6089 3189 5378 9050
6167 5356 5405 9375 1872 8820 9876 779 4883 9037
6536 9225 3913 1897 2272 2853 3719 4037 2133 7417
8366 8057 2033 9432 9419 4815 6208 5509 8005 1586
4559 4173 6943 9965 3548 8816 8785 3424 9595 3669
2462 6132 2894 6375 8029 5166 9229 1749 9204 1362
9167 7570 9420 1200 7003 8840 6016 3211 4349 4021
4798 8908 8194 1741 8874 1743 557 7659 5168 153
1328 7630 6285 4223 4006 4314 9390 3235 6064 8594
4598 5231 6165 4019 6431 3169 2859 2447 6380 7208
6469 1179 6117 4664 2920 4992 6408 3478 2651 1576
3631 3980 9207 9917 8204 3213 4232 7594 6449 296
6188 1048 5527 2354 5067 1959 5523 7926 4407 1904
5135 876 3083 1253 5541 6004 6245 1949 9482 8897
3525 3114 2877 2732 3031 1081 5946 7264 8676 2396
7560 4864 3444 3088 7219 8511 5048 2742 6438 9455
4646 1573 332 7729 2827 5873 3733 9072 7822 3216
7969 1347 6331 847 4080 9363 1929 27 6627 605
2423 4188 5470 5868 7277 2689 4379 2325 5431 818
1780 78 2391 2113 7807 5218 7986 1541 4291 5808
4757 2260 7156 1089 3107 1237 452 5037 1264 7079
5642 3688 1267 1112 9556 8544 3802 3936 870 9233
4755 2650 9312 7147 4763 7119 2366 2750 8661 6657
8558 3419 8918 5715 4508 2026 6952 4960 7063 8217
2039 2705 1906 3307 3818 1463 1852 7620 5400 2722
6854 155 5373 6166 7302 137 3286 9668 2887 1947
6325 1445 5367 5243 7161 9875 7269 4114 4835 4333
2331 6875 7038 4238 182 857 5701 2035 8478 1101
4757 5333 1256 130 1500 8559 267 4786 8227 3154
6734 4552 4600 2101 9796 1762 1976 7066 5876 6812
1399 8208 3687 8438 2446 3870 9295 8148 5905 7774
9250 663 3107 506 794 4607 9065 1061 9394 7293
4216 6128 1846 8817 8230 1642 579 207 8709 6456
7020 108 4664 707 8546 7111 4578 7842 5259 484
5617 4509 1148 8724 5016 1942 3332 4082 3004 2726
1375 7221 8855 3222 6038 7085 4864 6618 7293 3574
3074 4313 3682 7739 5021 2229 4850 9599 72 110
84 5689 4619 1233 4414 9636 3175 7746 3718 6179
472 5094 3401 9328 8316 9440 6413 3181 6058 3706
6755 9133 8020 438 6872 3041 2667 1723 2641 2740
1833 2725 8430 6452 3958 2844 6089 7134 590 9808
3314 1063 4902 6715 391 3219 6155 6805 6401 2214
512 3156 1347 8532 3595 8220 1573 6263 9943 4214
9003 1776 6940 7433 8229 899 277 4319 8034 868
4127 1348 1932 9029 8064 2323 2249 4220 9128 8650
6434 9641 1807 7782 8173 5402 6003 9746 1665 5946
3961 669 7723 902 8102 5953 1802 8380 272 9837
9248 4399 1185 1181 3429 9250 3504 5678 3470 2633
4329 9905 2274 6136 7688 448 1538 3691 195 3204
9638 4157 3873 7362 5059 1976 3315 6862 356 3588
6699 9605 7988 7885 786 1418 7135 4291 7097 606
6925 1426 511 9199 7562 8199 9647 9101 1891 9843
2306 1529 4000 6179 8891 9059 8155 2207 5922 8512
5796 2621 8117 3785 507 8904 5203 7642 3195 2300
8249 120 3726 8761 9320 1289 6961 8968 391 8852
8811 2697 381 2811 8877 9273 1871 7032 1481 7793
5545 7277 415 3662 1062 922 2567 6266 8565 5762
8566 6814 5883 2293 5575 5203 3582 2537 4171 3973
1389 2983 6671 1771 5794 5548 1045 7666 2581 2526
5459 8126 9804 5875 1789 867 6797 4356 7133 5363
119 5700 2177 6002 7993 7753 1205 1575 290 5377
5549 1680 8360 2220 3451 4155 7768 4497 1821 350
7023 7281 8476 6828 3156 266 7695 9954 4622 4829
5317 4742 529 7495 744 8522 5249 1950 98 5540
7327 5647 7220 5688 7867 672 9844 5636 5169 1666
5987 2193 8947 4464 9021 2104 4730 6717 2059 9353
1546 7377 4095 2076 4872 4840 598 122 6790 697
5662 4118 6344 2883 9807 4212 3556 9651 9849 8726
1318 5836 920 266 301 9942 2370 5031 6659 4430
4385 8206 1807 8481 282 6680 3321 881 6802 111
1578 2465 4229 7923 5349 4036 2135 8906 3688 1985
7632 5006 7822 8553 5273 8123 8495 7643 3154 5155
2074 7540 3361 3881 6021 3644 561 9342 4526 7364
9453 6105 9829 3683 4028 5178 7719 6164 4085 1408
8150 1718 6415 5972 271 1688 4095 8766 9332 7250
3922 1406 4790 7283 5287 811 928 5849 154 5454
3213 9607 1559 3043 3290 5588 8222 1010 1753 2307
2419 9903 4025 8834 5875 4296 522 9970 3063 9854
7221 6985 1260 2011 4269 6548 2823 5197 2398 2977
652 5612 2585 2212 8655 5876 7801 6877 6886 9554
9185 9305 9457 3210 8140 5333 7507 8662 5304 571
8516 2525 7557 9777 4536 1826 6326 7359 7024 8725
337 7677 4337 2922 9889 2992 8798 7690 9870 5685
7245 9055 4991 6702 2266 3131 2036 9773 1793 7340
344 310 9865 7901 88 4402 9728 6415 1762 6752
5140 2099 4429 9478 5022 4319 2470 3820 2010 2341
9506 9255 1396 4498 5958 3663 7629 7994 3436 9423
5334 3781 9734 5199 1682 9823 9601 1411 6238 1364
8163 1379 3463 2593 857 8485 6913 3328 2306 8923
5670 1813 8178 7067 6311 4136 730 3940 2130 4166
3364 7465 7947 3098 2665 9630 2921 2267 1041 9160
3631 9205 539 7094 1799 1397 5580 8712 4726 7886
7636 396 9700 5814 7463 6011 9950 8193 9952 2081
2360 3316 9546 308 6414 2211 9938 9336 4478 980
8496 8109 186 9036 5204 1986 433 784 698 5160
8671 8334 5556 8371 4149 3020 4382 4100 1213 4334
6181 3574 7650 5727 3882 4065 7939 3821 3401 2417
4801 1898 527 4988 934 5731 6974 1368 6515 7673
6528 5186 6008 2085 3557 157 5105 7940 4257 6319
2274 438 9894 9925 6166 3776 3990 4105 7598 7392
6523 2399 9290 7050 7388 225 2782 4362 1594 9297
2036 8123 4484 8044 208 8042 8201 5314 5982 2459
1634 8257 2898 1528 8182 9065 5305 2173 3171 2903
9565 9694 5303 8856 6745 2691 9081 9527 7054 675
8825 9090 8798 3310 7134 9007 1352 5336 4321 7335
7796 5956 5592 694 7485 3775 9760 2790 5948 2931
5694 5513 2625 997 4370 9371 3689 3451 8899 743
4126 7725 9834 2925 1035 6968 1932 2388 2305 6254
9723 101 2210 5316 796 9695 9092 556 2486 5040
3487 8180 554 6113 9177 4924 5485 2867 8376 4384
3610 2503 2110 3444 5428 3145 413 7361 5534 2718
3615 5258 2820 5826 575 3617 5522 9667 4173 8008
4707 7661 6189 5262 3775 5367 187 9260 8234 8563
3645 1845 1066 5755 5289 6494 8901 5703 3856 4436
8422 7471 9694 1242 3298 270 4860 8820 9937 9034
6829 4645 6695 3018 9907 470 8385 95 9731 6619
8658 3377 8464 9724 9133 3754 6219 8034 9457 75
2471 7880 7547 2165 9123 846 2435 3983 9666 2373
3017 6496 7018 9712 9514 6926 183 7900 7021 9915
4520 5680 3292 2985 5404 2426 6739 1624 460 6197
1700 2932 4078 9248 5098 3201 94 7534 7184 9761
9907 201 6257 6926 9914 5772 3852 98 3672 874
14 8193 6554 3307 1178 1959 5733 7918 3584 6194
4116 5285 9126 8194 4533 4224 1395 4628 1758 8579
4390 1665 8781 647 8591 8696 6420 2444 8794 92
3319 8809 8286 9873 2116 9464 1833 7849 7382 5417
4043 1498 702 3169 9692 5236 7394 1087 9864 9152
9667 4254 818 8448 4902 9410 7144 1322 1855 5939
1415 5174 4748 9701 5048 6864 9165 6881 4714 6548
2298 8757 8046 3001 1927 7739 8237 9322 8826 8101
8474 8494 2356 9293 6942 7258 8703 4086 8581 558
26 9996 5733 4774 9698 781 1639 8864 7662 6353
5412 9961 5110 3459 2962 7038 1198 1199 6360 25
9301 4835 8519 1657 4128 5461 8916 2832 9548 7497
3391 9574 7494 9124 4349 7192 9906 5988 6056 7568
2341 1469 7530 7452 4928 492 4491 6126 1692 852
6152 994 5687 4671 2652 9816 133 1568 2649 9681
9066 6040 9256 6561 5165 3606 3753 5071 9594 9810
2640 1936 1280 170 9388 6208 662 3879 2335 2355
4732 8487 3349 419 3158 6001 236 3291 7570 2885
2973 6636 8926 2230 3197 4091 5836 6951 9163 5430
6762 1803 7366 8042 1973 6755 4251 2636 635 6586
4992 5367 5074 8341 5787 8232 4343 6023 1524 1913
8909 4498 8550 7835 6728 1748 1926 2564 8700 1089
7995 5462 2893 5362 3505 4866 2118 7756 7503 2753
4343 2495 8121 9417 837 3908 7650 5180 9932 9175
7094 8841 3673 5644 6677 401 7393 8604 2965 6093
9694 961 1556 2587 6323 5062 7454 8442 2819 4957
1195 7163 7453 9317 6580 8290 3225 4231 3470 3158
3406 565 2000 7079 6209 8677 7481 3603 7281 446
9696 6975 1408 1253 9563 7732 6316 7017 6174 9135
1974 7370 6298 9427 6687 2879 7718 9912 7110 1189
3071 517 1754 5071 7597 7964 3749 5078 1567 1031
5525 1264 8006 6933 2517 7569 4665 8833 4586 840
7969 6561 8210 4267 5989 4897 7147 3707 4810 4257
4896 7881 4775 6650 2953 2372 4614 6702 7450 6182
7733 2975 7446 5740 9909 9964 3310 4574 8797 7896
5414 6767 4458 3624 1034 448 8522 8181 4155 3332
2439 9052 1213 7215 5703 4166 9587 318 869 7037
6500 8602 13 3946 4342 9922 3910 7652 4497 2708
5549 9912 9475 8 3537 510 456 2059 8692 4611
5391 1132 3664 6605 8347 9367 771 7934 9685 1640
4972 6186 243 4986 132 4586 4908 4043 2238 9406
6752 7788 9318 6227 7796 2855 6738 8253 4915 5430
2865 306 6562 6529 6911 4909 5897 7683 2844 5583
9324 7816 1769 9567 2803 1902 4153 7711 5945 6392
7118 2697 4181 6436 8925 1978 9292 5663 231 4207
1094 3096 4514 7656 9626 1426 2566 5523 9110 5410
1106 8434 3227 2876 8002 6030 4778 2156 3742 724
8548 860 3422 2730 7297 2347 4708 6589 8011 4940
797 9105 8037 5312 6761 7663 6739 9328 3187 5849
4738 4294 4283 7965 7170 2285 3995 1948 4441 7737
2673 2990 8598 6095 5721 5895 8443 429 2485 6454
5370 3283 5559 3407 8596 2321 1070 5335 1649 4258
1184 6388 8552 5467 4353 5722 7753 8349 7671 2195
6087 344 5185 4685 6439 907 581 4883 1336 3066
1337 6706 6350 6897 114 4946 9219 1185 281 869
5443 1465 7257 3995 6933 1611 9718 4686 9960 7389
6882 6048 7734 2068 733 4174 2975 1315 9057 4311
4381 394 1018 731 7292 1132 5677 6512 2318 5959
7381 7761 7424 4639 1756 4357 6251 1474 9044 6212
8864 5926 2260 6598 7994 2994 773 969 4309 9830
5281 8691 225 6300 9422 7517 7433 5100 4030 9751
1060 1411 7512 8484 6051 9269 2842 2302 744 1887
8514 9608 7813 775 6207 5808 3769 6980 6778 8078
6811 2059 6769 7036 8360 6192 4554 5793 1293 8584
5544 2353 9996 3057 838 6047 2326 3681 8350 3070
5568 6864 2679 3381 7639 8887 9190 1409 5868 5968
9488 2679 8028 6258 9715 6388 2450 4270 2181 3744
2855 7726 6098 2851 783 6937 8899 3109 618 7249
6180 6186 4114 8860 9568 1754 7747 8759 3164 3615
4727 2652 6294 2756 8910 6010 9144 1361 280 1326
5106 3135 9053 1205 5987 9836 8142 4887 2946 8761
2137 9126 4947 6252 7987 4516 8007 5734 3275 1171
9349 8003 3823 5644 759 2734 1655 9904 4095 1935
1231 9202 5071 284 407 1059 120 8549 5946 3067
7311 8084 2193 2258 4336 181 6775 2343 5915 51
3515 5265 8054 7339 910 8814 73 2565 8719 4169
4501 9950 3371 9573 234 3779 632 355 2329 6579
3422 9640 4663 5616 1899 8999 5797 8674 1343 1713
8725 4858 6978 6780 2197 7888 5594 2271 453 4313
6440 4954 4264 9812 4527 4499 3591 5160 4854 5920
1740 8277 5561 6403 3894 7460 5403 9691 6134 6747
1405 4860 1605 8383 1640 3803 6272 7235 6074 6726
1549 2514 1681 5814 2327 6208 313 5918 1369 5168
1839 3109 3445 7400 9513 7339 4861 4916 7031 995
1664 8436 5856 3269 6820 7497 7072 3093 4732 3147
9819 6282 5662 1500 2096 7989 7709 2410 3908 9078
7578 5747 2188 1023 3148 1701 8363 8009 6618 5395
9005 8282 3832 4861 1552 653 2358 8625 3746 7091
1772 3565 3374 7434 5065 5471 5423 2774 7881 9331
1853 5459 5079 4041 6483 8227 5742 4847 6237 2361
243 5242 643 4075 103 2195 4728 2462 821 8474
9554 2593 2040 2929 28 7105 8400 5451 9880 6282
4783 1733 1741 9863 5774 8225 8090 1517 3072 4327
3878 3315 9569 4522 7391 9673 6718 2120 2136 7539
595 1691 133 2635 4620 161 9740 3021 5613 9621
9303 396 1354 1044 259 7129 9270 8350 8646 2342
2678 2525 5658 2248 7047 3050 1922 3765 5170 4058
1305 5765 5750 1438 8401 370 1599 8141 3391 7213
7762 2694 7610 9117 3739 7870 6246 3009 6220 4892
5352 8899 7418 1011 1147 4465 4062 3069 8231 9232
7128 9536 4998 2878 975 3399 3249 2575 1541 6640
9788 9304 9335 7398 8421 3075 5268 4668 6084 1489
9561 1437 388 6979 2449 1536 1445 6511 4605 9676
5744 1734 9213 743 4612 188 4143 7862 2764 5684
4502 2552 4989 3838 9951 3411 6913 5219 8079 2998
6709 7640 4436 7098 4620 6885 8634 6065 3396 3240
5741 9141 4974 4955 9884 9587 5143 4027 7449 7907
9712 1952 460 4701 5791 411 8112 2704 5631 6192
5703 2340 3832 139 9438 8452 7025 8073 4518 421
1313 259 9563 6287 5214 9447 5875 358 3475 3324
8266 3187 5277 8727 7888 1068 9138 6001 3773 4770
2193 9476 7111 6026 9616 6550 4479 6641 4623 8997
7063 5936 9257 6626 2224 4472 6074 8100 4831 9549
1425 3097 2736 6702 1824 625 7771 963 6627 1544
5733 8821 1021 2844 4847 637 9394 9327 7278 4017
8325 4341 9954 7583 968 2179 2055 7042 279 6886
6591 1704 9984 9328 8406 1809 9953 6178 2772 6581
7722 8505 5402 8743 1350 250 9380 745 9577 6659
4762 7903 1001 4717 5486 1969 6896 7541 9011 7176
4428 5602 8880 4412 4931 7287 6221 4884 3465 8994
1466 1187 7500 6868 9931 8850 7118 9312 9595 6696
5971 4358 4599 6972 9076 85 8941 5973 7626 7952
3149 2054 3555 2029 6467 8486 9316 2689 3371 2782
1683 4838 3970 9183 1706 3901 8034 8824 3213 7629
5520 9184 1988 119 6157 1064 205 5098 7037 7831
3051 186 9886 6607 2216 6354 5094 1533 9043 8466
4315 727 3304 8285 9910 5011 2187 7944 3836 5400
5574 9356 4585 7562 9476 742 8627 9682 5841 5664
7513 8893 5851 7400 5500 8067 3755 595 9601 2798
9062 3916 3525 2366 2202 3436 7378 4389 1381 1214
9790 6955 571 4376 4518 48 5118 3145 9730 960
8810 7243 9853 4661 4644 5354 2729 8399 5950 2330
1198 5012 6247 4724 7379 8450 8160 4757 2840 9541
5971 2630 6497 6542 7006 1015 6590 2125 4160 6320
3085 2970 3564 2939 7632 8208 8293 361 6608 4243
2692 7806 9256 8940 2531 6635 7390 691 1392 230
233 7363 2860 6730 3905 9867 7745 495 1993 1906
6816 5078 4877 380 8018 2509 8589 6311 2871 5197
555 5564 3004 9811 4504 5535 6447 1894 6227 7839
2124 6460 5202 4985 3191 9108 4853 937 9604 6846
2844 6420 1925 7721 6800 9943 231 5389 6255 3103
587 6810 8667 3591 6622 3171 9127 3069 5066 5355
909 7191 1815 6112 2176 5007 5220 7030 5945 4824
3876 8789 1244 5802 6511 8044 5745 6742 3434 2000
9846 4021 8811 8513 7613 5433 1685 6741 8503 6751
2096 9413 3942 3912 5525 6119 8919 745 3149 4864
5569 7026 3654 6814 2828 165 4859 8574 6908 8293
574 6754 2315 9385 5267 9928 4819 6953 6669 3323
3704 8765 2736 7647 2677 8261 3766 1597 9006 6916
6462 4576 3943 116 1390 6772 281 6250 5346 7189
4543 5920 3944 6858 5306 9211 6787 125 6164 3457
3448 9869 2222 6185 7516 4900 4446 1283 6498 3453
8200 2960 8029 2143 3076 9420 8916 3358 5670 4262
548 214 183 4492 7073 5490 3704 3860 5616 9869
7318 9064 9738 9541 5250 7255 4441 9696 8538 939
3149 6738 3900 1179 8882 6977 600 7799 335 6270
2062 884 6485 2246 5377 3558 7736 9081 7419 3352
8950 4737 2417 8689 4278 7667 5944 8720 7364 4483
9660 513 1222 3560 1693 105 537 2293 7904 873
8564 9966 1757 5049 2213 7134 8607 9949 6216 6026
3302 5166 764 5719 3856 5042 3387 9801 3762 751
4284 3422 1265 5507 6983 2958 5612 7520 5252 3517
8393 3816 3484 151 8865 5697 7286 7473 5646 3502
3499 8948 8669 4264 4668 2525 9306 8055 2326 3069
8807 6611 6491 72 2118 3474 3031 7731 995 8283
1248 9389 2100 4732 9540 966 429 6826 8439 6076
329 1939 5025 8998 6203 9693 1524 5509 7749 3851
8578 6556 462 5070 6629 2581 8545 9660 312 9540
7944 1561 8930 45 6293 8471 1011 6723 5297 9450
2799 5627 1389 7824 4625 7592 7518 6150 3102 5267
1 1681 1823 464 6751 8452 3045 5297 8113 3358
4838 6058 4920 3768 6103 1213 2239 7114 7937 7537
6564 736 3164 7954 8561 7790 5547 6079 3940 8649
1347 3942 331 3171 4406 7083 1624 7452 2380 9737
811 7218 5795 5731 987 1898 6945 3226 9013 4882
764 5577 5619 3928 3531 4181 1719 9079 261 5660
7728 1608 9602 8060 4779 4008 5143 6404 1461 7523
6141 2273 4742 1937 8004 5729 3836 4950 8956 2849
9832 9720 8427 5452 3649 1959 9633 5368 1038 9894
