2085 3447 7911 5968 3903 7177 2282 169 453 2898
1148 7978 1419 7723 4988 6970 6522 2173 1071 7859
8376 8038 3893 1590 7777 1660 1851 9094 5169 5130
2443 7254 8578 354 3223 2482 7532 5505 2651 7985
8404 3799 5964 9823 1523 952 6793 8045 3126 7865
5905 1503 5904 9798 3093 3681 1459 4944 2776 6628
75 5219 3883 8654 5574 7106 1136 3106 2612 3787
1092 1017 7586 7056 840 9109 8008 7634 7155 1134
5500 3060 2638 1404 2858 5731 5086 4318 676 7863
946 752 3082 4829 9406 8657 1936 542 1764 4549
4330 2856 5566 1916 9912 6407 1026 7921 4041 8181
9056 9541 1241 1694 946 4100 7426 6032 8418 8102
3895 9364 8855 6978 4194 8261 5636 6130 8804 7400
680 3134 256 6246 5051 168 2653 6077 8090 6695
4258 7146 6237 5500 8841 7184 9600 6267 3216 8019
4369 7112 7384 3224 4091 1578 1486 9727 7709 290
7127 8389 3425 7383 4636 8476 7552 7290 4553 5643
3985 8812 2789 223 4312 1631 7407 3913 7898 624
1932 2268 7737 9317 5493 1828 895 6979 1555 8605
7270 8683 6995 696 6067 1631 9172 3620 8921 3726
9263 2907 2538 2053 3131 6851 3684 538 765 1583
1163 2698 3851 8900 2015 9344 728 2910 6324 2284
1516 3595 968 8511 4291 7035 143 3463 656 9064
7190 9919 1972 9729 1973 5103 6581 5657 5641 7346
7240 6804 44 1092 5705 2059 436 6433 4970 6761
8718 6486 356 9687 4998 4648 6722 5141 8111 7379
4206 5302 7298 6178 5031 9272 1281 1612 4930 6923
8959 2170 3728 9003 3263 9433 1062 3700 5867 6033
461 4586 2520 818 4273 7518 5466 996 2659 3578
8375 6865 8880 5674 3044 3912 4946 4325 5525 9876
1249 4484 2047 4977 3487 5310 4411 4550 9010 279
583 9472 4865 3104 290 9138 622 5756 135 3282
9334 8510 148 8215 4185 3192 2127 9131 7518 7652
9008 8767 2137 1055 3745 5625 6366 8156 175 5377
8435 759 4849 3301 3863 5140 2440 4486 896 2575
7768 231 1086 7916 8447 5271 1108 574 4403 8626
8227 3412 7394 364 4467 1139 5989 834 9295 6165
6211 7731 6925 1061 1033 788 6202 3473 5275 7098
6048 3043 7330 7135 959 5777 2407 2068 6352 6811
695 4579 223 8089 4944 4691 9228 934 5525 8524
7099 1737 6256 4025 2799 7289 4814 9001 762 89
6100 6811 3132 3430 3947 4092 9208 6354 6161 5561
3165 6856 141 3388 4945 5085 8079 4174 6020 3605
2698 3120 5342 8955 7145 8141 6244 1959 7143 7007
2048 3243 3818 5181 6674 7765 9274 5882 4120 5435
1444 7286 2291 1585 674 7237 6670 8754 1411 2691
2359 4110 5811 7702 3065 2956 5844 9309 4915 2987
6316 6964 6231 135 2145 2905 7901 1419 8788 2021
6854 232 9307 9146 1817 9982 6383 8488 8737 7794
1179 1096 1904 6990 8799 4970 9946 4644 4279 4862
