66 3  5  4  4  82    5
99 5  5  0  0  00    4
84 5  5  5  5  92    4
22 4  5  4  5  90    5
34 4  4  4  5  72    5
24 4  4  4  4  86    4
82 3  0  4  4  86    4
65 4  4  4  5  74    4
24 0  5  5  0  66    4
19 5  4  5  0  96    5
90 5  5  5  3  88    5
54 4  5  5  5  92    4
04 3  5  4  4  70    3
31 0  5  5  4  00    5
71 4  5  5  4  80    4
70 4  4  4  4  90    3
71 3  5  5  5  88    5
92 3  4  4  4  90    4
80 5  5  4  5  80    4
54 3  5  5  4  00    4
69 5  5  4  4  86    5
93 3  5  3  0  00    4
27 4  5  5  0  54    0
19 5  4  4  5  100   5
40 5  4  4  5  92    4
21 3  0  0  0  78    4
36 4  4  5  5  80    4
